1000
3 6
3 1
691 731
19 59
150 818
718 827
1000 1000
593 121
820 894
494 795
930 406
620 135
176 308
67 634
925 985
892 670
875 206
946 994
182 64
934 570
829 102
989 236
316 581
283 562
608 982
366 302
206 929
821 673
549 583
842 355
7 166
73 707
158 311
548 182
296 61
202 126
90 900
430 140
824 153
100 528
114 24
943 346
85 567
786 728
330 891
496 788
683 856
820 373
832 89
472 391
468 343
138 857
727 611
806 963
149 169
393 611
966 654
322 247
870 9
925 937
476 387
292 897
576 797
622 678
255 927
940 918
807 342
818 40
425 643
401 641
999 441
862 864
423 707
308 645
564 161
853 766
492 602
36 767
828 946
637 476
224 291
369 110
919 746
99 574
889 805
962 526
91 723
343 788
718 643
576 129
134 483
19 784
753 523
479 146
47 228
113 419
963 46
5 177
203 235
675 633
91 62
897 94
419 51
86 661
48 647
980 939
508 243
989 376
897 890
172 155
111 845
553 830
882 506
658 315
190 593
939 919
2 443
504 53
492 102
989 728
63 799
600 301
852 217
347 555
775 143
144 609
636 85
505 244
341 954
409 93
519 313
688 65
962 904
679 126
515 345
114 196
834 873
14 577
343 704
460 578
609 728
48 793
145 41
745 872
237 833
123 946
109 300
570 267
580 765
686 222
638 640
545 999
935 441
420 409
525 508
536 338
27 62
977 607
498 744
502 874
532 578
829 939
553 205
881 588
120 734
639 173
235 348
972 884
452 697
255 828
822 140
802 954
505 159
633 71
812 245
583 318
228 8
348 649
152 732
13 912
531 247
654 514
699 906
240 632
248 224
592 314
573 259
284 78
298 416
138 476
309 90
705 952
669 688
112 563
802 394
481 649
827 409
762 957
484 724
477 543
857 26
509 900
929 717
458 610
141 965
174 725
232 158
817 653
720 830
55 925
508 217
94 213
721 908
707 430
999 0
702 979
980 888
865 268
512 570
582 504
726 128
616 692
608 518
476 845
688 714
571 779
387 980
764 349
0 1000
686 305
160 651
104 729
531 325
722 548
825 133
778 553
676 104
845 921
410 576
607 817
547 12
155 615
886 827
150 498
411 762
164 475
50 404
137 864
271 764
898 451
894 840
45 750
278 369
269 774
659 955
138 13
293 637
46 997
144 705
227 667
285 493
187 186
806 705
727 558
624 462
885 243
464 423
225 303
15 854
125 605
432 398
928 417
830 284
693 379
92 283
378 790
722 699
552 695
880 243
132 932
202 20
670 202
376 689
737 236
898 433
265 931
946 533
880 820
555 758
156 525
926 674
141 934
982 508
532 10
553 260
858 685
591 995
771 550
999 999
561 580
683 718
771 785
867 526
578 361
284 42
847 346
606 732
300 530
512 280
385 260
970 298
985 615
776 794
482 486
150 511
200 409
880 800
655 462
382 708
508 985
934 819
813 353
527 75
110 661
422 959
83 404
368 164
624 348
285 613
191 722
809 64
394 951
57 595
144 265
840 378
910 427
14 167
162 627
727 201
811 321
881 470
801 537
367 384
382 785
659 396
815 548
273 867
427 368
801 187
626 234
78 71
196 367
215 942
537 282
462 827
328 85
986 65
431 480
832 841
39 806
510 951
40 781
14 377
827 541
955 950
502 399
322 688
1 0
720 350
928 662
264 285
904 41
255 905
140 576
279 311
332 371
4 605
190 517
293 780
577 726
815 977
912 328
108 894
27 732
589 350
30 505
480 168
914 695
624 354
525 569
57 228
42 837
741 417
806 400
273 887
17 310
188 276
237 4
373 916
377 402
856 588
982 653
674 468
766 834
788 373
119 844
951 225
564 126
33 443
438 490
593 652
553 624
828 546
716 94
934 185
77 79
787 125
29 562
0 999
489 41
879 719
695 402
605 93
538 637
209 103
310 542
689 430
487 139
432 767
254 837
126 162
698 626
25 262
782 743
544 41
542 232
783 569
168 755
366 604
692 567
37 76
646 196
691 234
64 456
531 441
414 434
476 63
852 18
255 513
848 592
432 668
912 830
857 453
665 657
457 535
24 25
497 1
336 811
663 291
810 34
490 620
178 111
599 860
684 586
434 24
518 858
358 987
159 967
457 79
808 308
154 465
659 124
162 785
394 679
818 118
498 387
263 615
983 710
61 296
606 238
331 312
310 3
217 246
466 388
123 800
763 249
949 32
663 844
494 855
939 632
181 302
938 852
766 476
264 177
795 36
284 501
680 114
460 194
641 793
741 960
754 193
503 249
546 246
387 446
68 821
946 532
961 945
534 583
630 657
61 514
548 350
106 670
892 37
942 336
955 840
714 814
255 508
714 997
379 229
110 213
67 88
1000 563
886 667
937 63
885 462
641 584
854 402
734